0 0.2668918918918919 0.2972972972972973 0.3125 0.2972972972972973 0.3125 0.37331081081081086 0.2668918918918919 0.37331081081081086
0 0.3581081081081081 0.3108108108108108 0.402027027027027 0.3108108108108108 0.402027027027027 0.38513513513513514 0.3581081081081081 0.38513513513513514
0 0.26182432432432434 0.48986486486486486 0.30405405405405406 0.48986486486486486 0.30405405405405406 0.5540540540540541 0.26182432432432434 0.5540540540540541
0 0.40371621621621623 0.5118243243243243 0.4510135135135135 0.5118243243243243 0.4510135135135135 0.5709459459459459 0.40371621621621623 0.5709459459459459
0 0.2652027027027027 0.668918918918919 0.30405405405405406 0.668918918918919 0.30405405405405406 0.7212837837837837 0.2652027027027027 0.7212837837837837
0 0.3817567567567568 0.6773648648648648 0.4172297297297297 0.6773648648648648 0.4172297297297297 0.7162162162162162 0.3817567567567568 0.7162162162162162
0 0.28209459459459457 0.831081081081081 0.30743243243243246 0.831081081081081 0.30743243243243246 0.8952702702702703 0.28209459459459457 0.8952702702702703
0 0.5033783783783784 0.34628378378378377 0.5422297297297297 0.34628378378378377 0.5422297297297297 0.41216216216216217 0.5033783783783784 0.41216216216216217
0 0.5050675675675675 0.48141891891891897 0.5371621621621622 0.48141891891891897 0.5371621621621622 0.5489864864864866 0.5050675675675675 0.5489864864864866
0 0.4932432432432432 0.7331081081081081 0.5371621621621622 0.7331081081081081 0.5371621621621622 0.7804054054054054 0.4932432432432432 0.7804054054054054
0 0.5557432432432432 0.4847972972972973 0.5962837837837838 0.4847972972972973 0.5962837837837838 0.5388513513513513 0.5557432432432432 0.5388513513513513
