0 0.18479880774962745 0.18777943368107303 0.22255340288127173 0.18777943368107303 0.22255340288127173 0.2265275707898659 0.18479880774962745 0.2265275707898659
0 0.33581718827620466 0.18777943368107303 0.3775459513164432 0.18777943368107303 0.3775459513164432 0.2265275707898659 0.33581718827620466 0.2265275707898659
0 0.48683556880278184 0.18628912071535023 0.5226030799801291 0.18628912071535023 0.5226030799801291 0.21609538002980627 0.48683556880278184 0.21609538002980627
0 0.6418281172379533 0.18330849478390462 0.6855439642324889 0.18330849478390462 0.6855439642324889 0.21311475409836061 0.6418281172379533 0.21311475409836061
0 0.1907600596125186 0.32190760059612517 0.23050173869846002 0.32190760059612517 0.23050173869846002 0.36214605067064093 0.1907600596125186 0.36214605067064093
0 0.343765524093393 0.3174366616989568 0.37555886736214605 0.3174366616989568 0.37555886736214605 0.3591654247391952 0.343765524093393 0.3591654247391952
0 0.47690014903129657 0.3114754098360656 0.5265772478887233 0.3114754098360656 0.5265772478887233 0.35320417287630396 0.47690014903129657 0.35320417287630396
0 0.6358668653750621 0.3204172876304024 0.6736214605067063 0.3204172876304024 0.6736214605067063 0.3502235469448584 0.6358668653750621 0.3502235469448584
0 0.21063089915548933 0.4157973174366617 0.2503725782414308 0.4157973174366617 0.2503725782414308 0.4649776453055141 0.21063089915548933 0.4649776453055141
0 0.30402384500745155 0.4172876304023845 0.35370094386487827 0.4172876304023845 0.35370094386487827 0.46050670640834573 0.30402384500745155 0.46050670640834573
0 0.4232488822652757 0.42175856929955285 0.4649776453055141 0.42175856929955285 0.4649776453055141 0.46050670640834573 0.4232488822652757 0.46050670640834573
0 0.6000993541977149 0.4172876304023845 0.6497764530551415 0.4172876304023845 0.6497764530551415 0.4530551415797318 0.6000993541977149 0.4530551415797318
0 0.45305514157973176 0.5648286140089419 0.5921510183805265 0.5648286140089419 0.5921510183805265 0.5901639344262294 0.45305514157973176 0.5901639344262294
0 0.44908097367113764 0.7078986587183309 0.5762543467461501 0.7078986587183309 0.5762543467461501 0.7391952309985099 0.44908097367113764 0.7391952309985099
0 0.2463984103328366 0.8301043219076008 0.29210134128166915 0.8301043219076008 0.29210134128166915 0.8807749627421758 0.2463984103328366 0.8807749627421758
