0 0.2821659215101838 0.2399403874813711 0.405365126676602 0.2399403874813711 0.405365126676602 0.2593144560357675 0.2821659215101838 0.2593144560357675
0 0.5504222553402881 0.2399403874813711 0.6716343765524093 0.2399403874813711 0.6716343765524093 0.2593144560357675 0.5504222553402881 0.2593144560357675
0 0.29408842523596623 0.3845007451564829 0.40933929458519625 0.3845007451564829 0.40933929458519625 0.41579731743666176 0.29408842523596623 0.41579731743666176
0 0.4371584699453552 0.3859910581222057 0.4590163934426229 0.3859910581222057 0.4590163934426229 0.42771982116244406 0.4371584699453552 0.42771982116244406
0 0.5027322404371585 0.39046199701937406 0.5305514157973175 0.39046199701937406 0.5305514157973175 0.4247391952309985 0.5027322404371585 0.4247391952309985
0 0.5901639344262295 0.38748137108792846 0.719324391455539 0.38748137108792846 0.719324391455539 0.41877794336810725 0.5901639344262295 0.41877794336810725
0 0.2185792349726776 0.526080476900149 0.2483854942871336 0.526080476900149 0.2483854942871336 0.5618479880774963 0.2185792349726776 0.5618479880774963
0 0.39741679085941384 0.5275707898658718 0.4331843020367611 0.5275707898658718 0.4331843020367611 0.563338301043219 0.39741679085941384 0.563338301043219
0 0.5345255837059115 0.5275707898658718 0.65772478887233 0.5275707898658718 0.65772478887233 0.555886736214605 0.5345255837059115 0.555886736214605
0 0.29607550919026326 0.639344262295082 0.4192747143566816 0.639344262295082 0.4192747143566816 0.6661698956780924 0.29607550919026326 0.6661698956780924
0 0.5583705911574764 0.6482861400894186 0.6656731246895181 0.6482861400894186 0.6656731246895181 0.6676602086438153 0.5583705911574764 0.6676602086438153
0 0.2563338301043219 0.7466467958271237 0.37357178340784897 0.7466467958271237 0.37357178340784897 0.782414307004471 0.2563338301043219 0.782414307004471
0 0.40735221063089916 0.7511177347242921 0.44311972180824644 0.7511177347242921 0.44311972180824644 0.7928464977645305 0.40735221063089916 0.7928464977645305
0 0.5404868355688028 0.7496274217585693 0.6577247888723299 0.7496274217585693 0.6577247888723299 0.782414307004471 0.5404868355688028 0.782414307004471
0 0.23845007451564829 0.842026825633383 0.26825633383010433 0.842026825633383 0.26825633383010433 0.8837555886736215 0.23845007451564829 0.8837555886736215
0 0.3914555389965226 0.842026825633383 0.4272230501738699 0.842026825633383 0.4272230501738699 0.879284649776453 0.3914555389965226 0.879284649776453
0 0.5086934923000497 0.842026825633383 0.5365126676602087 0.842026825633383 0.5365126676602087 0.8837555886736215 0.5086934923000497 0.8837555886736215
0 0.6477893691008445 0.8464977645305514 0.6795827123695976 0.8464977645305514 0.6795827123695976 0.8882265275707897 0.6477893691008445 0.8882265275707897
