0 0.4192747143566816 0.27123695976154993 0.5265772478887233 0.27123695976154993 0.5265772478887233 0.28912071535022354 0.4192747143566816 0.28912071535022354
0 0.401390958768008 0.3845007451564829 0.5226030799801292 0.3845007451564829 0.5226030799801292 0.4023845007451565 0.401390958768008 0.4023845007451565
0 0.41331346249379036 0.4798807749627422 0.5206159960258321 0.4798807749627422 0.5206159960258321 0.5096870342771982 0.41331346249379036 0.5096870342771982
0 0.23845007451564829 0.563338301043219 0.27620466964729257 0.563338301043219 0.27620466964729257 0.600596125186289 0.23845007451564829 0.600596125186289
0 0.29806259314456035 0.563338301043219 0.31793343268753105 0.563338301043219 0.31793343268753105 0.6035767511177347 0.29806259314456035 0.6035767511177347
0 0.33780427223050175 0.5648286140089419 0.36363636363636365 0.5648286140089419 0.36363636363636365 0.5991058122205662 0.33780427223050175 0.5991058122205662
0 0.45504222553402873 0.5678092399403875 0.4848484848484848 0.5678092399403875 0.4848484848484848 0.5991058122205664 0.45504222553402873 0.5991058122205664
0 0.5722801788375559 0.5663189269746647 0.5981122702434177 0.5663189269746647 0.5981122702434177 0.593144560357675 0.5722801788375559 0.593144560357675
0 0.24441132637853955 0.6512667660208645 0.27421758569299554 0.6512667660208645 0.27421758569299554 0.6855439642324889 0.24441132637853955 0.6855439642324889
0 0.33184302036761054 0.65424739195231 0.3676105315449578 0.65424739195231 0.3676105315449578 0.6885245901639344 0.33184302036761054 0.6885245901639344
0 0.4172876304023845 0.6602086438152012 0.44311972180824644 0.6602086438152012 0.44311972180824644 0.6870342771982118 0.4172876304023845 0.6870342771982118
0 0.5007451564828614 0.6572280178837556 0.546448087431694 0.6572280178837556 0.546448087431694 0.6900149031296572 0.5007451564828614 0.6900149031296572
0 0.5782414307004471 0.6631892697466468 0.6120218579234973 0.6631892697466468 0.6120218579234973 0.6915052160953801 0.5782414307004471 0.6915052160953801
0 0.26030799801291604 0.7362146050670639 0.29210134128166915 0.7362146050670639 0.29210134128166915 0.7764530551415797 0.26030799801291604 0.7764530551415797
0 0.4232488822652757 0.7421758569299552 0.47093889716840537 0.7421758569299552 0.47093889716840537 0.7734724292101343 0.4232488822652757 0.7734724292101343
0 0.6000993541977149 0.7466467958271237 0.6438152011922503 0.7466467958271237 0.6438152011922503 0.7779433681073026 0.6000993541977149 0.7779433681073026
0 0.26229508196721313 0.8450074515648286 0.29011425732737206 0.8450074515648286 0.29011425732737206 0.8867362146050669 0.26229508196721313 0.8867362146050669
0 0.33581718827620466 0.8450074515648286 0.371584699453552 0.8450074515648286 0.371584699453552 0.8882265275707898 0.33581718827620466 0.8882265275707898
0 0.3914555389965226 0.8509687034277198 0.4272230501738699 0.8509687034277198 0.4272230501738699 0.8926974664679582 0.3914555389965226 0.8926974664679582
0 0.47093889716840537 0.8509687034277198 0.5146547441629409 0.8509687034277198 0.5146547441629409 0.8897168405365128 0.47093889716840537 0.8897168405365128
0 0.6140089418777943 0.8539493293591655 0.6477893691008446 0.8539493293591655 0.6477893691008446 0.8882265275707898 0.6140089418777943 0.8882265275707898
