0 0.3994038748137109 0.21609538002980627 0.5861897665176353 0.21609538002980627 0.5861897665176353 0.28017883755588674 0.3994038748137109 0.28017883755588674
0 0.3020367610531545 0.4396423248882265 0.4729259811227025 0.4396423248882265 0.4729259811227025 0.5022354694485842 0.3020367610531545 0.5022354694485842
0 0.6080476900149031 0.4485842026825633 0.7729756582215599 0.4485842026825633 0.7729756582215599 0.4977645305514158 0.6080476900149031 0.4977645305514158
0 0.22851465474416294 0.6304023845007451 0.3854942871336313 0.6304023845007451 0.3854942871336313 0.6751117734724292 0.22851465474416294 0.6751117734724292
0 0.5325384997516145 0.6095380029806259 0.6795827123695976 0.6095380029806259 0.6795827123695976 0.6676602086438153 0.5325384997516145 0.6676602086438153
0 0.27223050173869845 0.8286140089418779 0.37555886736214605 0.8286140089418779 0.37555886736214605 0.879284649776453 0.27223050173869845 0.879284649776453
0 0.3854942871336313 0.8256333830104322 0.4788872329855936 0.8256333830104322 0.4788872329855936 0.8703427719821163 0.3854942871336313 0.8703427719821163
0 0.5603576751117735 0.819672131147541 0.6060606060606062 0.819672131147541 0.6060606060606062 0.8867362146050669 0.5603576751117735 0.8867362146050669
0 0.6338797814207651 0.8286140089418779 0.6974664679582713 0.8286140089418779 0.6974664679582713 0.8509687034277198 0.6338797814207651 0.8509687034277198
0 0.6934923000496771 0.8271236959761549 0.7729756582215599 0.8271236959761549 0.7729756582215599 0.8479880774962743 0.6934923000496771 0.8479880774962743
