0 0.23648648648648649 0.3277027027027027 0.28885135135135137 0.3277027027027027 0.28885135135135137 0.3918918918918919 0.23648648648648649 0.3918918918918919
0 0.2533783783783784 0.45777027027027034 0.2956081081081081 0.45777027027027034 0.2956081081081081 0.5202702702702704 0.2533783783783784 0.5202702702702704
0 0.2635135135135135 0.5878378378378378 0.30236486486486486 0.5878378378378378 0.30236486486486486 0.6469594594594593 0.2635135135135135 0.6469594594594593
0 0.2668918918918919 0.7077702702702703 0.30067567567567566 0.7077702702702703 0.30067567567567566 0.7584459459459459 0.2668918918918919 0.7584459459459459
0 0.3293918918918919 0.46114864864864863 0.36486486486486486 0.46114864864864863 0.36486486486486486 0.518581081081081 0.3293918918918919 0.518581081081081
0 0.33783783783783783 0.5929054054054054 0.3783783783783784 0.5929054054054054 0.3783783783783784 0.6452702702702703 0.33783783783783783 0.6452702702702703
0 0.34966216216216217 0.6942567567567568 0.38682432432432434 0.6942567567567568 0.38682432432432434 0.7652027027027027 0.34966216216216217 0.7652027027027027
0 0.44594594594594594 0.8243243243243243 0.4898648648648648 0.8243243243243243 0.4898648648648648 0.8800675675675675 0.44594594594594594 0.8800675675675675
0 0.44932432432432434 0.7043918918918919 0.4831081081081081 0.7043918918918919 0.4831081081081081 0.7533783783783784 0.44932432432432434 0.7533783783783784
0 0.44594594594594594 0.5962837837837838 0.4847972972972973 0.5962837837837838 0.4847972972972973 0.652027027027027 0.44594594594594594 0.652027027027027
0 0.4527027027027027 0.47466216216216217 0.4966216216216216 0.47466216216216217 0.4966216216216216 0.5371621621621622 0.4527027027027027 0.5371621621621622
0 0.5304054054054054 0.47635135135135137 0.564189189189189 0.47635135135135137 0.564189189189189 0.535472972972973 0.5304054054054054 0.535472972972973
0 0.44763513513513514 0.34966216216216217 0.49155405405405406 0.34966216216216217 0.49155405405405406 0.41216216216216217 0.44763513513513514 0.41216216216216217
0 0.5320945945945946 0.34966216216216217 0.5675675675675677 0.34966216216216217 0.5675675675675677 0.40371621621621623 0.5320945945945946 0.40371621621621623
0 0.4543918918918919 0.20608108108108109 0.49493243243243246 0.20608108108108109 0.49493243243243246 0.2719594594594595 0.4543918918918919 0.2719594594594595
0 0.518581081081081 0.21114864864864866 0.5574324324324323 0.21114864864864866 0.5574324324324323 0.2702702702702703 0.518581081081081 0.2702702702702703
